-57.157566;
-57.157566;
-57.157566;
-57.157566;
-57.157566;
-57.157566;
-57.157566;
-57.157566;
-57.157566;
-57.157566;
-57.157566;
-57.157566;
-57.157566;
-57.157566;
-57.157566;
-57.157566;
-57.157566;
-57.157566;
-57.157566;
-57.157566;
-57.157566;
-57.157566;
-57.157566;
-57.157566;
-57.157566;
-57.157566;
-57.157566;
-57.157566;
-57.157566;
-57.157566;
-57.157566;
-57.157566;
-57.157566;
-57.157566;
-35.934124;
-27.644161;
-24.157858;
-22.476122;
-21.470644;
-20.677927;
-19.887211;
-18.990295;
-17.921907;
-16.633482;
-15.079547;
-13.208512;
-10.953889;
-8.222983;
-4.879392;
-0.712364;
4.622212;
11.727451;
-44.242096;
-14.608288;
-16.966738;
-22.087545;
-25.241083;
-15.531972;
-12.261503;
-10.941753;
-10.152504;
-9.428747;
-8.596688;
-7.575908;
-6.314276;
-4.762434;
-2.859465;
-0.519217;
2.389474;
6.078213;
10.911429;
17.574499;
-24.224182;
-24.685659;
-24.859455;
-24.841154;
-24.682972;
-24.414108;
-24.051119;
-23.603420;
-23.076149;
-22.471630;
-21.790089;
-21.030022;
-20.188219;
-19.259636;
-18.237099;
-17.110891;
-15.868037;
-14.491421;
-12.958313;
-11.238318;
-9.290179;
-7.056720;
-4.456571;
-1.369852;
2.388014;
7.117960;
13.349360;
-41.489090;
-19.811110;
-23.169209;
-25.076410;
-26.145754;
-26.709227;
-26.951191;
-26.975800;
-26.842562;
-26.585583;
-26.224234;
-25.769094;
-25.225269;
-24.594273;
-23.874899;
-23.063725;
-22.155113;
-21.141100;
-20.010918;
-18.750351;
-17.340736;
-15.757415;
-13.967553;
-11.926680;
-9.573319;
-6.820194;
-3.539038;
0.466966;
5.517226;
12.169890;
-44.331078;
-7.434494;
-10.589330;
-11.586737;
-11.845840;
-11.770898;
-11.485091;
-11.025152;
-10.398440;
-9.600449;
-8.619694;
-7.437961;
-6.028282;
-4.351021;
-2.347316;
0.072040;
3.046689;
6.805762;
11.751487;
18.662392;
-32.705471;
-30.151379;
-28.536308;
-27.442873;
-26.621496;
-25.928841;
-25.284273;
-24.642841;
-23.979395;
-23.279482;
-22.534237;
-21.737402;
-20.883610;
-19.967293;
-18.982031;
-17.919899;
-16.770908;
-15.522281;
-14.157557;
-12.655289;
-10.987152;
-9.115083;
-6.986793;
-4.528395;
-1.631823;
1.868119;
6.238509;
11.944429;
19.882843;
-25.501989;
-26.682852;
-27.311527;
-27.598078;
-27.659361;
-27.561602;
-27.342840;
-27.025105;
-26.621109;
-26.137970;
-25.579245;
-24.946089;
-24.237766;
-23.451929;
-22.584597;
-21.630032;
-20.580460;
-19.425549;
-18.151800;
-16.741568;
-15.171662;
-13.411254;
